mean
2.70714320e-01 7.24126941e-02 -1.78961131e+02 3.23121856e+01
-1.33318870e+01 8.87136776e-01 -1.21874944e+01 -6.73164792e-02
-8.07212571e+00 -4.54163728e-01 -6.86987812e+00 4.43204885e-01
-5.84943885e+00 1.20323045e+00 -4.98172446e+00 1.41261355e+03
2.83342117e+03 9.62019756e+02

var
1.14032158e-01 7.41650659e-02 1.29297776e+02 3.73988485e+01
2.45405780e+01 1.73848191e+01 1.48482086e+01 1.21670559e+01
1.01860405e+01 9.07230896e+00 8.78820207e+00 7.16435650e+00
6.78987719e+00 6.17223721e+00 6.41811757e+00 3.77835612e+02
5.18968416e+02 1.40253996e+02